[array([[ 1.000000e+00,  9.043683e-12,  2.326809e-11,  1.110223e-16],
       [ 9.043683e-12,  1.000000e+00,  2.392370e-10,  2.220446e-16],
       [ 2.326810e-11,  2.392370e-10,  9.999999e-01, -2.220446e-16],
       [ 0.000000e+00,  0.000000e+00,  0.000000e+00,  1.000000e+00]])]
[array([[ 1.000000e+00,  9.043683e-12,  2.326809e-11,  1.110223e-16],
       [ 9.043683e-12,  1.000000e+00,  2.392370e-10,  2.220446e-16],
       [ 2.326810e-11,  2.392370e-10,  9.999999e-01, -2.220446e-16],
       [ 0.000000e+00,  0.000000e+00,  0.000000e+00,  1.000000e+00]]), array([[ 0.9990498 , -0.00164978,  0.04355194,  0.05154656],
       [ 0.00176042,  0.9999953 , -0.00250224, -0.02424883],
       [-0.0435476 ,  0.00257653,  0.999048  ,  1.000725  ],
       [ 0.        ,  0.        ,  0.        ,  1.        ]])]
[array([[ 1.000000e+00,  9.043683e-12,  2.326809e-11,  1.110223e-16],
       [ 9.043683e-12,  1.000000e+00,  2.392370e-10,  2.220446e-16],
       [ 2.326810e-11,  2.392370e-10,  9.999999e-01, -2.220446e-16],
       [ 0.000000e+00,  0.000000e+00,  0.000000e+00,  1.000000e+00]]), array([[ 0.9990498 , -0.00164978,  0.04355194,  0.05154656],
       [ 0.00176042,  0.9999953 , -0.00250224, -0.02424883],
       [-0.0435476 ,  0.00257653,  0.999048  ,  1.000725  ],
       [ 0.        ,  0.        ,  0.        ,  1.        ]]), array([[ 0.9960495 , -0.00536795,  0.08863831,  0.1464632 ],
       [ 0.00601022,  0.9999575 , -0.00698072, -0.05051622],
       [-0.08859707,  0.00748588,  0.9960394 ,  1.995659  ],
       [ 0.        ,  0.        ,  0.        ,  1.        ]])]
[array([[ 1.000000e+00,  9.043683e-12,  2.326809e-11,  1.110223e-16],
       [ 9.043683e-12,  1.000000e+00,  2.392370e-10,  2.220446e-16],
       [ 2.326810e-11,  2.392370e-10,  9.999999e-01, -2.220446e-16],
       [ 0.000000e+00,  0.000000e+00,  0.000000e+00,  1.000000e+00]]), array([[ 0.9990498 , -0.00164978,  0.04355194,  0.05154656],
       [ 0.00176042,  0.9999953 , -0.00250224, -0.02424883],
       [-0.0435476 ,  0.00257653,  0.999048  ,  1.000725  ],
       [ 0.        ,  0.        ,  0.        ,  1.        ]]), array([[ 0.9960495 , -0.00536795,  0.08863831,  0.1464632 ],
       [ 0.00601022,  0.9999575 , -0.00698072, -0.05051622],
       [-0.08859707,  0.00748588,  0.9960394 ,  1.995659  ],
       [ 0.        ,  0.        ,  0.        ,  1.        ]]), array([[ 0.9909271 , -0.00588688,  0.1342721 ,  0.2879204 ],
       [ 0.00744818,  0.9999103 , -0.01112852, -0.07903059],
       [-0.1341946 ,  0.01202763,  0.990882  ,  2.986691  ],
       [ 0.        ,  0.        ,  0.        ,  1.        ]])]
[array([[ 1.000000e+00,  9.043683e-12,  2.326809e-11,  1.110223e-16],
       [ 9.043683e-12,  1.000000e+00,  2.392370e-10,  2.220446e-16],
       [ 2.326810e-11,  2.392370e-10,  9.999999e-01, -2.220446e-16],
       [ 0.000000e+00,  0.000000e+00,  0.000000e+00,  1.000000e+00]]), array([[ 0.9990498 , -0.00164978,  0.04355194,  0.05154656],
       [ 0.00176042,  0.9999953 , -0.00250224, -0.02424883],
       [-0.0435476 ,  0.00257653,  0.999048  ,  1.000725  ],
       [ 0.        ,  0.        ,  0.        ,  1.        ]]), array([[ 0.9960495 , -0.00536795,  0.08863831,  0.1464632 ],
       [ 0.00601022,  0.9999575 , -0.00698072, -0.05051622],
       [-0.08859707,  0.00748588,  0.9960394 ,  1.995659  ],
       [ 0.        ,  0.        ,  0.        ,  1.        ]]), array([[ 0.9909271 , -0.00588688,  0.1342721 ,  0.2879204 ],
       [ 0.00744818,  0.9999103 , -0.01112852, -0.07903059],
       [-0.1341946 ,  0.01202763,  0.990882  ,  2.986691  ],
       [ 0.        ,  0.        ,  0.        ,  1.        ]]), array([[ 9.836222e-01, -3.565066e-03,  1.802072e-01,  4.657503e-01],
       [ 6.172884e-03,  9.998841e-01, -1.391250e-02, -1.102928e-01],
       [-1.801368e-01,  1.479704e-02,  9.835302e-01,  3.963845e+00],
       [ 0.000000e+00,  0.000000e+00,  0.000000e+00,  1.000000e+00]])]
[array([[ 1.000000e+00,  9.043683e-12,  2.326809e-11,  1.110223e-16],
       [ 9.043683e-12,  1.000000e+00,  2.392370e-10,  2.220446e-16],
       [ 2.326810e-11,  2.392370e-10,  9.999999e-01, -2.220446e-16],
       [ 0.000000e+00,  0.000000e+00,  0.000000e+00,  1.000000e+00]]), array([[ 0.9990498 , -0.00164978,  0.04355194,  0.05154656],
       [ 0.00176042,  0.9999953 , -0.00250224, -0.02424883],
       [-0.0435476 ,  0.00257653,  0.999048  ,  1.000725  ],
       [ 0.        ,  0.        ,  0.        ,  1.        ]]), array([[ 0.9960495 , -0.00536795,  0.08863831,  0.1464632 ],
       [ 0.00601022,  0.9999575 , -0.00698072, -0.05051622],
       [-0.08859707,  0.00748588,  0.9960394 ,  1.995659  ],
       [ 0.        ,  0.        ,  0.        ,  1.        ]]), array([[ 0.9909271 , -0.00588688,  0.1342721 ,  0.2879204 ],
       [ 0.00744818,  0.9999103 , -0.01112852, -0.07903059],
       [-0.1341946 ,  0.01202763,  0.990882  ,  2.986691  ],
       [ 0.        ,  0.        ,  0.        ,  1.        ]]), array([[ 9.836222e-01, -3.565066e-03,  1.802072e-01,  4.657503e-01],
       [ 6.172884e-03,  9.998841e-01, -1.391250e-02, -1.102928e-01],
       [-1.801368e-01,  1.479704e-02,  9.835302e-01,  3.963845e+00],
       [ 0.000000e+00,  0.000000e+00,  0.000000e+00,  1.000000e+00]]), array([[ 0.9740479 , -0.00617362,  0.2262579 ,  0.6971645 ],
       [ 0.00948684,  0.999863  , -0.01355912, -0.143877  ],
       [-0.2261432 ,  0.0153537 ,  0.973973  ,  4.934639  ],
       [ 0.        ,  0.        ,  0.        ,  1.        ]])]
[array([[ 1.000000e+00,  9.043683e-12,  2.326809e-11,  1.110223e-16],
       [ 9.043683e-12,  1.000000e+00,  2.392370e-10,  2.220446e-16],
       [ 2.326810e-11,  2.392370e-10,  9.999999e-01, -2.220446e-16],
       [ 0.000000e+00,  0.000000e+00,  0.000000e+00,  1.000000e+00]]), array([[ 0.9990498 , -0.00164978,  0.04355194,  0.05154656],
       [ 0.00176042,  0.9999953 , -0.00250224, -0.02424883],
       [-0.0435476 ,  0.00257653,  0.999048  ,  1.000725  ],
       [ 0.        ,  0.        ,  0.        ,  1.        ]]), array([[ 0.9960495 , -0.00536795,  0.08863831,  0.1464632 ],
       [ 0.00601022,  0.9999575 , -0.00698072, -0.05051622],
       [-0.08859707,  0.00748588,  0.9960394 ,  1.995659  ],
       [ 0.        ,  0.        ,  0.        ,  1.        ]]), array([[ 0.9909271 , -0.00588688,  0.1342721 ,  0.2879204 ],
       [ 0.00744818,  0.9999103 , -0.01112852, -0.07903059],
       [-0.1341946 ,  0.01202763,  0.990882  ,  2.986691  ],
       [ 0.        ,  0.        ,  0.        ,  1.        ]]), array([[ 9.836222e-01, -3.565066e-03,  1.802072e-01,  4.657503e-01],
       [ 6.172884e-03,  9.998841e-01, -1.391250e-02, -1.102928e-01],
       [-1.801368e-01,  1.479704e-02,  9.835302e-01,  3.963845e+00],
       [ 0.000000e+00,  0.000000e+00,  0.000000e+00,  1.000000e+00]]), array([[ 0.9740479 , -0.00617362,  0.2262579 ,  0.6971645 ],
       [ 0.00948684,  0.999863  , -0.01355912, -0.143877  ],
       [-0.2261432 ,  0.0153537 ,  0.973973  ,  4.934639  ],
       [ 0.        ,  0.        ,  0.        ,  1.        ]]), array([[ 0.9624212 , -0.00736863,  0.2714613 ,  0.9715689 ],
       [ 0.01164015,  0.9998324 , -0.01412847, -0.1802237 ],
       [-0.2713117 ,  0.01675739,  0.9623456 ,  5.887651  ],
       [ 0.        ,  0.        ,  0.        ,  1.        ]])]
[array([[ 1.000000e+00,  9.043683e-12,  2.326809e-11,  1.110223e-16],
       [ 9.043683e-12,  1.000000e+00,  2.392370e-10,  2.220446e-16],
       [ 2.326810e-11,  2.392370e-10,  9.999999e-01, -2.220446e-16],
       [ 0.000000e+00,  0.000000e+00,  0.000000e+00,  1.000000e+00]]), array([[ 0.9990498 , -0.00164978,  0.04355194,  0.05154656],
       [ 0.00176042,  0.9999953 , -0.00250224, -0.02424883],
       [-0.0435476 ,  0.00257653,  0.999048  ,  1.000725  ],
       [ 0.        ,  0.        ,  0.        ,  1.        ]]), array([[ 0.9960495 , -0.00536795,  0.08863831,  0.1464632 ],
       [ 0.00601022,  0.9999575 , -0.00698072, -0.05051622],
       [-0.08859707,  0.00748588,  0.9960394 ,  1.995659  ],
       [ 0.        ,  0.        ,  0.        ,  1.        ]]), array([[ 0.9909271 , -0.00588688,  0.1342721 ,  0.2879204 ],
       [ 0.00744818,  0.9999103 , -0.01112852, -0.07903059],
       [-0.1341946 ,  0.01202763,  0.990882  ,  2.986691  ],
       [ 0.        ,  0.        ,  0.        ,  1.        ]]), array([[ 9.836222e-01, -3.565066e-03,  1.802072e-01,  4.657503e-01],
       [ 6.172884e-03,  9.998841e-01, -1.391250e-02, -1.102928e-01],
       [-1.801368e-01,  1.479704e-02,  9.835302e-01,  3.963845e+00],
       [ 0.000000e+00,  0.000000e+00,  0.000000e+00,  1.000000e+00]]), array([[ 0.9740479 , -0.00617362,  0.2262579 ,  0.6971645 ],
       [ 0.00948684,  0.999863  , -0.01355912, -0.143877  ],
       [-0.2261432 ,  0.0153537 ,  0.973973  ,  4.934639  ],
       [ 0.        ,  0.        ,  0.        ,  1.        ]]), array([[ 0.9624212 , -0.00736863,  0.2714613 ,  0.9715689 ],
       [ 0.01164015,  0.9998324 , -0.01412847, -0.1802237 ],
       [-0.2713117 ,  0.01675739,  0.9623456 ,  5.887651  ],
       [ 0.        ,  0.        ,  0.        ,  1.        ]]), array([[ 0.9488374 , -0.00969354,  0.3156164 ,  1.288079  ],
       [ 0.01587616,  0.999729  , -0.01702376, -0.2184877 ],
       [-0.3153658 ,  0.02116355,  0.9487341 ,  6.826202  ],
       [ 0.        ,  0.        ,  0.        ,  1.        ]])]
[array([[ 1.000000e+00,  9.043683e-12,  2.326809e-11,  1.110223e-16],
       [ 9.043683e-12,  1.000000e+00,  2.392370e-10,  2.220446e-16],
       [ 2.326810e-11,  2.392370e-10,  9.999999e-01, -2.220446e-16],
       [ 0.000000e+00,  0.000000e+00,  0.000000e+00,  1.000000e+00]]), array([[ 0.9990498 , -0.00164978,  0.04355194,  0.05154656],
       [ 0.00176042,  0.9999953 , -0.00250224, -0.02424883],
       [-0.0435476 ,  0.00257653,  0.999048  ,  1.000725  ],
       [ 0.        ,  0.        ,  0.        ,  1.        ]]), array([[ 0.9960495 , -0.00536795,  0.08863831,  0.1464632 ],
       [ 0.00601022,  0.9999575 , -0.00698072, -0.05051622],
       [-0.08859707,  0.00748588,  0.9960394 ,  1.995659  ],
       [ 0.        ,  0.        ,  0.        ,  1.        ]]), array([[ 0.9909271 , -0.00588688,  0.1342721 ,  0.2879204 ],
       [ 0.00744818,  0.9999103 , -0.01112852, -0.07903059],
       [-0.1341946 ,  0.01202763,  0.990882  ,  2.986691  ],
       [ 0.        ,  0.        ,  0.        ,  1.        ]]), array([[ 9.836222e-01, -3.565066e-03,  1.802072e-01,  4.657503e-01],
       [ 6.172884e-03,  9.998841e-01, -1.391250e-02, -1.102928e-01],
       [-1.801368e-01,  1.479704e-02,  9.835302e-01,  3.963845e+00],
       [ 0.000000e+00,  0.000000e+00,  0.000000e+00,  1.000000e+00]]), array([[ 0.9740479 , -0.00617362,  0.2262579 ,  0.6971645 ],
       [ 0.00948684,  0.999863  , -0.01355912, -0.143877  ],
       [-0.2261432 ,  0.0153537 ,  0.973973  ,  4.934639  ],
       [ 0.        ,  0.        ,  0.        ,  1.        ]]), array([[ 0.9624212 , -0.00736863,  0.2714613 ,  0.9715689 ],
       [ 0.01164015,  0.9998324 , -0.01412847, -0.1802237 ],
       [-0.2713117 ,  0.01675739,  0.9623456 ,  5.887651  ],
       [ 0.        ,  0.        ,  0.        ,  1.        ]]), array([[ 0.9488374 , -0.00969354,  0.3156164 ,  1.288079  ],
       [ 0.01587616,  0.999729  , -0.01702376, -0.2184877 ],
       [-0.3153658 ,  0.02116355,  0.9487341 ,  6.826202  ],
       [ 0.        ,  0.        ,  0.        ,  1.        ]]), array([[ 0.9336202 , -0.01263857,  0.3580415 ,  1.651331  ],
       [ 0.02080461,  0.9996037 , -0.01896441, -0.254729  ],
       [-0.3576599 ,  0.02515446,  0.933513  ,  7.743952  ],
       [ 0.        ,  0.        ,  0.        ,  1.        ]])]
[array([[ 1.000000e+00,  9.043683e-12,  2.326809e-11,  1.110223e-16],
       [ 9.043683e-12,  1.000000e+00,  2.392370e-10,  2.220446e-16],
       [ 2.326810e-11,  2.392370e-10,  9.999999e-01, -2.220446e-16],
       [ 0.000000e+00,  0.000000e+00,  0.000000e+00,  1.000000e+00]]), array([[ 0.9990498 , -0.00164978,  0.04355194,  0.05154656],
       [ 0.00176042,  0.9999953 , -0.00250224, -0.02424883],
       [-0.0435476 ,  0.00257653,  0.999048  ,  1.000725  ],
       [ 0.        ,  0.        ,  0.        ,  1.        ]]), array([[ 0.9960495 , -0.00536795,  0.08863831,  0.1464632 ],
       [ 0.00601022,  0.9999575 , -0.00698072, -0.05051622],
       [-0.08859707,  0.00748588,  0.9960394 ,  1.995659  ],
       [ 0.        ,  0.        ,  0.        ,  1.        ]]), array([[ 0.9909271 , -0.00588688,  0.1342721 ,  0.2879204 ],
       [ 0.00744818,  0.9999103 , -0.01112852, -0.07903059],
       [-0.1341946 ,  0.01202763,  0.990882  ,  2.986691  ],
       [ 0.        ,  0.        ,  0.        ,  1.        ]]), array([[ 9.836222e-01, -3.565066e-03,  1.802072e-01,  4.657503e-01],
       [ 6.172884e-03,  9.998841e-01, -1.391250e-02, -1.102928e-01],
       [-1.801368e-01,  1.479704e-02,  9.835302e-01,  3.963845e+00],
       [ 0.000000e+00,  0.000000e+00,  0.000000e+00,  1.000000e+00]]), array([[ 0.9740479 , -0.00617362,  0.2262579 ,  0.6971645 ],
       [ 0.00948684,  0.999863  , -0.01355912, -0.143877  ],
       [-0.2261432 ,  0.0153537 ,  0.973973  ,  4.934639  ],
       [ 0.        ,  0.        ,  0.        ,  1.        ]]), array([[ 0.9624212 , -0.00736863,  0.2714613 ,  0.9715689 ],
       [ 0.01164015,  0.9998324 , -0.01412847, -0.1802237 ],
       [-0.2713117 ,  0.01675739,  0.9623456 ,  5.887651  ],
       [ 0.        ,  0.        ,  0.        ,  1.        ]]), array([[ 0.9488374 , -0.00969354,  0.3156164 ,  1.288079  ],
       [ 0.01587616,  0.999729  , -0.01702376, -0.2184877 ],
       [-0.3153658 ,  0.02116355,  0.9487341 ,  6.826202  ],
       [ 0.        ,  0.        ,  0.        ,  1.        ]]), array([[ 0.9336202 , -0.01263857,  0.3580415 ,  1.651331  ],
       [ 0.02080461,  0.9996037 , -0.01896441, -0.254729  ],
       [-0.3576599 ,  0.02515446,  0.933513  ,  7.743952  ],
       [ 0.        ,  0.        ,  0.        ,  1.        ]]), array([[ 0.9161945 , -0.01228394,  0.4005456 ,  2.050498  ],
       [ 0.02177648,  0.9995793 , -0.01915567, -0.2919528 ],
       [-0.4001417 ,  0.02627278,  0.9160765 ,  8.64624   ],
       [ 0.        ,  0.        ,  0.        ,  1.        ]])]
[array([[ 1.000000e+00,  9.043683e-12,  2.326809e-11,  1.110223e-16],
       [ 9.043683e-12,  1.000000e+00,  2.392370e-10,  2.220446e-16],
       [ 2.326810e-11,  2.392370e-10,  9.999999e-01, -2.220446e-16],
       [ 0.000000e+00,  0.000000e+00,  0.000000e+00,  1.000000e+00]]), array([[ 0.9990498 , -0.00164978,  0.04355194,  0.05154656],
       [ 0.00176042,  0.9999953 , -0.00250224, -0.02424883],
       [-0.0435476 ,  0.00257653,  0.999048  ,  1.000725  ],
       [ 0.        ,  0.        ,  0.        ,  1.        ]]), array([[ 0.9960495 , -0.00536795,  0.08863831,  0.1464632 ],
       [ 0.00601022,  0.9999575 , -0.00698072, -0.05051622],
       [-0.08859707,  0.00748588,  0.9960394 ,  1.995659  ],
       [ 0.        ,  0.        ,  0.        ,  1.        ]]), array([[ 0.9909271 , -0.00588688,  0.1342721 ,  0.2879204 ],
       [ 0.00744818,  0.9999103 , -0.01112852, -0.07903059],
       [-0.1341946 ,  0.01202763,  0.990882  ,  2.986691  ],
       [ 0.        ,  0.        ,  0.        ,  1.        ]]), array([[ 9.836222e-01, -3.565066e-03,  1.802072e-01,  4.657503e-01],
       [ 6.172884e-03,  9.998841e-01, -1.391250e-02, -1.102928e-01],
       [-1.801368e-01,  1.479704e-02,  9.835302e-01,  3.963845e+00],
       [ 0.000000e+00,  0.000000e+00,  0.000000e+00,  1.000000e+00]]), array([[ 0.9740479 , -0.00617362,  0.2262579 ,  0.6971645 ],
       [ 0.00948684,  0.999863  , -0.01355912, -0.143877  ],
       [-0.2261432 ,  0.0153537 ,  0.973973  ,  4.934639  ],
       [ 0.        ,  0.        ,  0.        ,  1.        ]]), array([[ 0.9624212 , -0.00736863,  0.2714613 ,  0.9715689 ],
       [ 0.01164015,  0.9998324 , -0.01412847, -0.1802237 ],
       [-0.2713117 ,  0.01675739,  0.9623456 ,  5.887651  ],
       [ 0.        ,  0.        ,  0.        ,  1.        ]]), array([[ 0.9488374 , -0.00969354,  0.3156164 ,  1.288079  ],
       [ 0.01587616,  0.999729  , -0.01702376, -0.2184877 ],
       [-0.3153658 ,  0.02116355,  0.9487341 ,  6.826202  ],
       [ 0.        ,  0.        ,  0.        ,  1.        ]]), array([[ 0.9336202 , -0.01263857,  0.3580415 ,  1.651331  ],
       [ 0.02080461,  0.9996037 , -0.01896441, -0.254729  ],
       [-0.3576599 ,  0.02515446,  0.933513  ,  7.743952  ],
       [ 0.        ,  0.        ,  0.        ,  1.        ]]), array([[ 0.9161945 , -0.01228394,  0.4005456 ,  2.050498  ],
       [ 0.02177648,  0.9995793 , -0.01915567, -0.2919528 ],
       [-0.4001417 ,  0.02627278,  0.9160765 ,  8.64624   ],
       [ 0.        ,  0.        ,  0.        ,  1.        ]]), array([[ 0.8965559 , -0.01307765,  0.4427376 ,  2.488685  ],
       [ 0.0234179 ,  0.9995655 , -0.01789659, -0.3309237 ],
       [-0.4423112 ,  0.02641328,  0.8964725 ,  9.527392  ],
       [ 0.        ,  0.        ,  0.        ,  1.        ]])]
[array([[ 1.000000e+00,  9.043683e-12,  2.326809e-11,  1.110223e-16],
       [ 9.043683e-12,  1.000000e+00,  2.392370e-10,  2.220446e-16],
       [ 2.326810e-11,  2.392370e-10,  9.999999e-01, -2.220446e-16],
       [ 0.000000e+00,  0.000000e+00,  0.000000e+00,  1.000000e+00]]), array([[ 0.9990498 , -0.00164978,  0.04355194,  0.05154656],
       [ 0.00176042,  0.9999953 , -0.00250224, -0.02424883],
       [-0.0435476 ,  0.00257653,  0.999048  ,  1.000725  ],
       [ 0.        ,  0.        ,  0.        ,  1.        ]]), array([[ 0.9960495 , -0.00536795,  0.08863831,  0.1464632 ],
       [ 0.00601022,  0.9999575 , -0.00698072, -0.05051622],
       [-0.08859707,  0.00748588,  0.9960394 ,  1.995659  ],
       [ 0.        ,  0.        ,  0.        ,  1.        ]]), array([[ 0.9909271 , -0.00588688,  0.1342721 ,  0.2879204 ],
       [ 0.00744818,  0.9999103 , -0.01112852, -0.07903059],
       [-0.1341946 ,  0.01202763,  0.990882  ,  2.986691  ],
       [ 0.        ,  0.        ,  0.        ,  1.        ]]), array([[ 9.836222e-01, -3.565066e-03,  1.802072e-01,  4.657503e-01],
       [ 6.172884e-03,  9.998841e-01, -1.391250e-02, -1.102928e-01],
       [-1.801368e-01,  1.479704e-02,  9.835302e-01,  3.963845e+00],
       [ 0.000000e+00,  0.000000e+00,  0.000000e+00,  1.000000e+00]]), array([[ 0.9740479 , -0.00617362,  0.2262579 ,  0.6971645 ],
       [ 0.00948684,  0.999863  , -0.01355912, -0.143877  ],
       [-0.2261432 ,  0.0153537 ,  0.973973  ,  4.934639  ],
       [ 0.        ,  0.        ,  0.        ,  1.        ]]), array([[ 0.9624212 , -0.00736863,  0.2714613 ,  0.9715689 ],
       [ 0.01164015,  0.9998324 , -0.01412847, -0.1802237 ],
       [-0.2713117 ,  0.01675739,  0.9623456 ,  5.887651  ],
       [ 0.        ,  0.        ,  0.        ,  1.        ]]), array([[ 0.9488374 , -0.00969354,  0.3156164 ,  1.288079  ],
       [ 0.01587616,  0.999729  , -0.01702376, -0.2184877 ],
       [-0.3153658 ,  0.02116355,  0.9487341 ,  6.826202  ],
       [ 0.        ,  0.        ,  0.        ,  1.        ]]), array([[ 0.9336202 , -0.01263857,  0.3580415 ,  1.651331  ],
       [ 0.02080461,  0.9996037 , -0.01896441, -0.254729  ],
       [-0.3576599 ,  0.02515446,  0.933513  ,  7.743952  ],
       [ 0.        ,  0.        ,  0.        ,  1.        ]]), array([[ 0.9161945 , -0.01228394,  0.4005456 ,  2.050498  ],
       [ 0.02177648,  0.9995793 , -0.01915567, -0.2919528 ],
       [-0.4001417 ,  0.02627278,  0.9160765 ,  8.64624   ],
       [ 0.        ,  0.        ,  0.        ,  1.        ]]), array([[ 0.8965559 , -0.01307765,  0.4427376 ,  2.488685  ],
       [ 0.0234179 ,  0.9995655 , -0.01789659, -0.3309237 ],
       [-0.4423112 ,  0.02641328,  0.8964725 ,  9.527392  ],
       [ 0.        ,  0.        ,  0.        ,  1.        ]]), array([[ 0.8745113 , -0.01351429,  0.4848168 ,  2.966292  ],
       [ 0.02447754,  0.9995676 , -0.01628953, -0.3697385 ],
       [-0.484387  ,  0.02611249,  0.874464  , 10.38417   ],
       [ 0.        ,  0.        ,  0.        ,  1.        ]])]
[array([[ 1.000000e+00,  9.043683e-12,  2.326809e-11,  1.110223e-16],
       [ 9.043683e-12,  1.000000e+00,  2.392370e-10,  2.220446e-16],
       [ 2.326810e-11,  2.392370e-10,  9.999999e-01, -2.220446e-16],
       [ 0.000000e+00,  0.000000e+00,  0.000000e+00,  1.000000e+00]]), array([[ 0.9990498 , -0.00164978,  0.04355194,  0.05154656],
       [ 0.00176042,  0.9999953 , -0.00250224, -0.02424883],
       [-0.0435476 ,  0.00257653,  0.999048  ,  1.000725  ],
       [ 0.        ,  0.        ,  0.        ,  1.        ]]), array([[ 0.9960495 , -0.00536795,  0.08863831,  0.1464632 ],
       [ 0.00601022,  0.9999575 , -0.00698072, -0.05051622],
       [-0.08859707,  0.00748588,  0.9960394 ,  1.995659  ],
       [ 0.        ,  0.        ,  0.        ,  1.        ]]), array([[ 0.9909271 , -0.00588688,  0.1342721 ,  0.2879204 ],
       [ 0.00744818,  0.9999103 , -0.01112852, -0.07903059],
       [-0.1341946 ,  0.01202763,  0.990882  ,  2.986691  ],
       [ 0.        ,  0.        ,  0.        ,  1.        ]]), array([[ 9.836222e-01, -3.565066e-03,  1.802072e-01,  4.657503e-01],
       [ 6.172884e-03,  9.998841e-01, -1.391250e-02, -1.102928e-01],
       [-1.801368e-01,  1.479704e-02,  9.835302e-01,  3.963845e+00],
       [ 0.000000e+00,  0.000000e+00,  0.000000e+00,  1.000000e+00]]), array([[ 0.9740479 , -0.00617362,  0.2262579 ,  0.6971645 ],
       [ 0.00948684,  0.999863  , -0.01355912, -0.143877  ],
       [-0.2261432 ,  0.0153537 ,  0.973973  ,  4.934639  ],
       [ 0.        ,  0.        ,  0.        ,  1.        ]]), array([[ 0.9624212 , -0.00736863,  0.2714613 ,  0.9715689 ],
       [ 0.01164015,  0.9998324 , -0.01412847, -0.1802237 ],
       [-0.2713117 ,  0.01675739,  0.9623456 ,  5.887651  ],
       [ 0.        ,  0.        ,  0.        ,  1.        ]]), array([[ 0.9488374 , -0.00969354,  0.3156164 ,  1.288079  ],
       [ 0.01587616,  0.999729  , -0.01702376, -0.2184877 ],
       [-0.3153658 ,  0.02116355,  0.9487341 ,  6.826202  ],
       [ 0.        ,  0.        ,  0.        ,  1.        ]]), array([[ 0.9336202 , -0.01263857,  0.3580415 ,  1.651331  ],
       [ 0.02080461,  0.9996037 , -0.01896441, -0.254729  ],
       [-0.3576599 ,  0.02515446,  0.933513  ,  7.743952  ],
       [ 0.        ,  0.        ,  0.        ,  1.        ]]), array([[ 0.9161945 , -0.01228394,  0.4005456 ,  2.050498  ],
       [ 0.02177648,  0.9995793 , -0.01915567, -0.2919528 ],
       [-0.4001417 ,  0.02627278,  0.9160765 ,  8.64624   ],
       [ 0.        ,  0.        ,  0.        ,  1.        ]]), array([[ 0.8965559 , -0.01307765,  0.4427376 ,  2.488685  ],
       [ 0.0234179 ,  0.9995655 , -0.01789659, -0.3309237 ],
       [-0.4423112 ,  0.02641328,  0.8964725 ,  9.527392  ],
       [ 0.        ,  0.        ,  0.        ,  1.        ]]), array([[ 0.8745113 , -0.01351429,  0.4848168 ,  2.966292  ],
       [ 0.02447754,  0.9995676 , -0.01628953, -0.3697385 ],
       [-0.484387  ,  0.02611249,  0.874464  , 10.38417   ],
       [ 0.        ,  0.        ,  0.        ,  1.        ]]), array([[ 0.8503691 , -0.01348162,  0.5260139 ,  3.483068  ],
       [ 0.02517723,  0.9995692 , -0.01508348, -0.4086031 ],
       [-0.5255839 ,  0.0260701 ,  0.8503422 , 11.2156    ],
       [ 0.        ,  0.        ,  0.        ,  1.        ]])]
[array([[ 1.000000e+00,  9.043683e-12,  2.326809e-11,  1.110223e-16],
       [ 9.043683e-12,  1.000000e+00,  2.392370e-10,  2.220446e-16],
       [ 2.326810e-11,  2.392370e-10,  9.999999e-01, -2.220446e-16],
       [ 0.000000e+00,  0.000000e+00,  0.000000e+00,  1.000000e+00]]), array([[ 0.9990498 , -0.00164978,  0.04355194,  0.05154656],
       [ 0.00176042,  0.9999953 , -0.00250224, -0.02424883],
       [-0.0435476 ,  0.00257653,  0.999048  ,  1.000725  ],
       [ 0.        ,  0.        ,  0.        ,  1.        ]]), array([[ 0.9960495 , -0.00536795,  0.08863831,  0.1464632 ],
       [ 0.00601022,  0.9999575 , -0.00698072, -0.05051622],
       [-0.08859707,  0.00748588,  0.9960394 ,  1.995659  ],
       [ 0.        ,  0.        ,  0.        ,  1.        ]]), array([[ 0.9909271 , -0.00588688,  0.1342721 ,  0.2879204 ],
       [ 0.00744818,  0.9999103 , -0.01112852, -0.07903059],
       [-0.1341946 ,  0.01202763,  0.990882  ,  2.986691  ],
       [ 0.        ,  0.        ,  0.        ,  1.        ]]), array([[ 9.836222e-01, -3.565066e-03,  1.802072e-01,  4.657503e-01],
       [ 6.172884e-03,  9.998841e-01, -1.391250e-02, -1.102928e-01],
       [-1.801368e-01,  1.479704e-02,  9.835302e-01,  3.963845e+00],
       [ 0.000000e+00,  0.000000e+00,  0.000000e+00,  1.000000e+00]]), array([[ 0.9740479 , -0.00617362,  0.2262579 ,  0.6971645 ],
       [ 0.00948684,  0.999863  , -0.01355912, -0.143877  ],
       [-0.2261432 ,  0.0153537 ,  0.973973  ,  4.934639  ],
       [ 0.        ,  0.        ,  0.        ,  1.        ]]), array([[ 0.9624212 , -0.00736863,  0.2714613 ,  0.9715689 ],
       [ 0.01164015,  0.9998324 , -0.01412847, -0.1802237 ],
       [-0.2713117 ,  0.01675739,  0.9623456 ,  5.887651  ],
       [ 0.        ,  0.        ,  0.        ,  1.        ]]), array([[ 0.9488374 , -0.00969354,  0.3156164 ,  1.288079  ],
       [ 0.01587616,  0.999729  , -0.01702376, -0.2184877 ],
       [-0.3153658 ,  0.02116355,  0.9487341 ,  6.826202  ],
       [ 0.        ,  0.        ,  0.        ,  1.        ]]), array([[ 0.9336202 , -0.01263857,  0.3580415 ,  1.651331  ],
       [ 0.02080461,  0.9996037 , -0.01896441, -0.254729  ],
       [-0.3576599 ,  0.02515446,  0.933513  ,  7.743952  ],
       [ 0.        ,  0.        ,  0.        ,  1.        ]]), array([[ 0.9161945 , -0.01228394,  0.4005456 ,  2.050498  ],
       [ 0.02177648,  0.9995793 , -0.01915567, -0.2919528 ],
       [-0.4001417 ,  0.02627278,  0.9160765 ,  8.64624   ],
       [ 0.        ,  0.        ,  0.        ,  1.        ]]), array([[ 0.8965559 , -0.01307765,  0.4427376 ,  2.488685  ],
       [ 0.0234179 ,  0.9995655 , -0.01789659, -0.3309237 ],
       [-0.4423112 ,  0.02641328,  0.8964725 ,  9.527392  ],
       [ 0.        ,  0.        ,  0.        ,  1.        ]]), array([[ 0.8745113 , -0.01351429,  0.4848168 ,  2.966292  ],
       [ 0.02447754,  0.9995676 , -0.01628953, -0.3697385 ],
       [-0.484387  ,  0.02611249,  0.874464  , 10.38417   ],
       [ 0.        ,  0.        ,  0.        ,  1.        ]]), array([[ 0.8503691 , -0.01348162,  0.5260139 ,  3.483068  ],
       [ 0.02517723,  0.9995692 , -0.01508348, -0.4086031 ],
       [-0.5255839 ,  0.0260701 ,  0.8503422 , 11.2156    ],
       [ 0.        ,  0.        ,  0.        ,  1.        ]]), array([[ 0.8245429 , -0.014011  ,  0.565626  ,  4.03669   ],
       [ 0.0269639 ,  0.9995305 , -0.01454755, -0.4439735 ],
       [-0.5651566 ,  0.02724656,  0.8245336 , 12.01878   ],
       [ 0.        ,  0.        ,  0.        ,  1.        ]])]
[array([[ 1.000000e+00,  9.043683e-12,  2.326809e-11,  1.110223e-16],
       [ 9.043683e-12,  1.000000e+00,  2.392370e-10,  2.220446e-16],
       [ 2.326810e-11,  2.392370e-10,  9.999999e-01, -2.220446e-16],
       [ 0.000000e+00,  0.000000e+00,  0.000000e+00,  1.000000e+00]]), array([[ 0.9990498 , -0.00164978,  0.04355194,  0.05154656],
       [ 0.00176042,  0.9999953 , -0.00250224, -0.02424883],
       [-0.0435476 ,  0.00257653,  0.999048  ,  1.000725  ],
       [ 0.        ,  0.        ,  0.        ,  1.        ]]), array([[ 0.9960495 , -0.00536795,  0.08863831,  0.1464632 ],
       [ 0.00601022,  0.9999575 , -0.00698072, -0.05051622],
       [-0.08859707,  0.00748588,  0.9960394 ,  1.995659  ],
       [ 0.        ,  0.        ,  0.        ,  1.        ]]), array([[ 0.9909271 , -0.00588688,  0.1342721 ,  0.2879204 ],
       [ 0.00744818,  0.9999103 , -0.01112852, -0.07903059],
       [-0.1341946 ,  0.01202763,  0.990882  ,  2.986691  ],
       [ 0.        ,  0.        ,  0.        ,  1.        ]]), array([[ 9.836222e-01, -3.565066e-03,  1.802072e-01,  4.657503e-01],
       [ 6.172884e-03,  9.998841e-01, -1.391250e-02, -1.102928e-01],
       [-1.801368e-01,  1.479704e-02,  9.835302e-01,  3.963845e+00],
       [ 0.000000e+00,  0.000000e+00,  0.000000e+00,  1.000000e+00]]), array([[ 0.9740479 , -0.00617362,  0.2262579 ,  0.6971645 ],
       [ 0.00948684,  0.999863  , -0.01355912, -0.143877  ],
       [-0.2261432 ,  0.0153537 ,  0.973973  ,  4.934639  ],
       [ 0.        ,  0.        ,  0.        ,  1.        ]]), array([[ 0.9624212 , -0.00736863,  0.2714613 ,  0.9715689 ],
       [ 0.01164015,  0.9998324 , -0.01412847, -0.1802237 ],
       [-0.2713117 ,  0.01675739,  0.9623456 ,  5.887651  ],
       [ 0.        ,  0.        ,  0.        ,  1.        ]]), array([[ 0.9488374 , -0.00969354,  0.3156164 ,  1.288079  ],
       [ 0.01587616,  0.999729  , -0.01702376, -0.2184877 ],
       [-0.3153658 ,  0.02116355,  0.9487341 ,  6.826202  ],
       [ 0.        ,  0.        ,  0.        ,  1.        ]]), array([[ 0.9336202 , -0.01263857,  0.3580415 ,  1.651331  ],
       [ 0.02080461,  0.9996037 , -0.01896441, -0.254729  ],
       [-0.3576599 ,  0.02515446,  0.933513  ,  7.743952  ],
       [ 0.        ,  0.        ,  0.        ,  1.        ]]), array([[ 0.9161945 , -0.01228394,  0.4005456 ,  2.050498  ],
       [ 0.02177648,  0.9995793 , -0.01915567, -0.2919528 ],
       [-0.4001417 ,  0.02627278,  0.9160765 ,  8.64624   ],
       [ 0.        ,  0.        ,  0.        ,  1.        ]]), array([[ 0.8965559 , -0.01307765,  0.4427376 ,  2.488685  ],
       [ 0.0234179 ,  0.9995655 , -0.01789659, -0.3309237 ],
       [-0.4423112 ,  0.02641328,  0.8964725 ,  9.527392  ],
       [ 0.        ,  0.        ,  0.        ,  1.        ]]), array([[ 0.8745113 , -0.01351429,  0.4848168 ,  2.966292  ],
       [ 0.02447754,  0.9995676 , -0.01628953, -0.3697385 ],
       [-0.484387  ,  0.02611249,  0.874464  , 10.38417   ],
       [ 0.        ,  0.        ,  0.        ,  1.        ]]), array([[ 0.8503691 , -0.01348162,  0.5260139 ,  3.483068  ],
       [ 0.02517723,  0.9995692 , -0.01508348, -0.4086031 ],
       [-0.5255839 ,  0.0260701 ,  0.8503422 , 11.2156    ],
       [ 0.        ,  0.        ,  0.        ,  1.        ]]), array([[ 0.8245429 , -0.014011  ,  0.565626  ,  4.03669   ],
       [ 0.0269639 ,  0.9995305 , -0.01454755, -0.4439735 ],
       [-0.5651566 ,  0.02724656,  0.8245336 , 12.01878   ],
       [ 0.        ,  0.        ,  0.        ,  1.        ]]), array([[ 0.7970302 , -0.01619333,  0.6037224 ,  4.631439  ],
       [ 0.03126104,  0.9994066 , -0.01446406, -0.4790227 ],
       [-0.6031299 ,  0.03040128,  0.7970634 , 12.79006   ],
       [ 0.        ,  0.        ,  0.        ,  1.        ]])]
[array([[ 1.000000e+00,  9.043683e-12,  2.326809e-11,  1.110223e-16],
       [ 9.043683e-12,  1.000000e+00,  2.392370e-10,  2.220446e-16],
       [ 2.326810e-11,  2.392370e-10,  9.999999e-01, -2.220446e-16],
       [ 0.000000e+00,  0.000000e+00,  0.000000e+00,  1.000000e+00]]), array([[ 0.9990498 , -0.00164978,  0.04355194,  0.05154656],
       [ 0.00176042,  0.9999953 , -0.00250224, -0.02424883],
       [-0.0435476 ,  0.00257653,  0.999048  ,  1.000725  ],
       [ 0.        ,  0.        ,  0.        ,  1.        ]]), array([[ 0.9960495 , -0.00536795,  0.08863831,  0.1464632 ],
       [ 0.00601022,  0.9999575 , -0.00698072, -0.05051622],
       [-0.08859707,  0.00748588,  0.9960394 ,  1.995659  ],
       [ 0.        ,  0.        ,  0.        ,  1.        ]]), array([[ 0.9909271 , -0.00588688,  0.1342721 ,  0.2879204 ],
       [ 0.00744818,  0.9999103 , -0.01112852, -0.07903059],
       [-0.1341946 ,  0.01202763,  0.990882  ,  2.986691  ],
       [ 0.        ,  0.        ,  0.        ,  1.        ]]), array([[ 9.836222e-01, -3.565066e-03,  1.802072e-01,  4.657503e-01],
       [ 6.172884e-03,  9.998841e-01, -1.391250e-02, -1.102928e-01],
       [-1.801368e-01,  1.479704e-02,  9.835302e-01,  3.963845e+00],
       [ 0.000000e+00,  0.000000e+00,  0.000000e+00,  1.000000e+00]]), array([[ 0.9740479 , -0.00617362,  0.2262579 ,  0.6971645 ],
       [ 0.00948684,  0.999863  , -0.01355912, -0.143877  ],
       [-0.2261432 ,  0.0153537 ,  0.973973  ,  4.934639  ],
       [ 0.        ,  0.        ,  0.        ,  1.        ]]), array([[ 0.9624212 , -0.00736863,  0.2714613 ,  0.9715689 ],
       [ 0.01164015,  0.9998324 , -0.01412847, -0.1802237 ],
       [-0.2713117 ,  0.01675739,  0.9623456 ,  5.887651  ],
       [ 0.        ,  0.        ,  0.        ,  1.        ]]), array([[ 0.9488374 , -0.00969354,  0.3156164 ,  1.288079  ],
       [ 0.01587616,  0.999729  , -0.01702376, -0.2184877 ],
       [-0.3153658 ,  0.02116355,  0.9487341 ,  6.826202  ],
       [ 0.        ,  0.        ,  0.        ,  1.        ]]), array([[ 0.9336202 , -0.01263857,  0.3580415 ,  1.651331  ],
       [ 0.02080461,  0.9996037 , -0.01896441, -0.254729  ],
       [-0.3576599 ,  0.02515446,  0.933513  ,  7.743952  ],
       [ 0.        ,  0.        ,  0.        ,  1.        ]]), array([[ 0.9161945 , -0.01228394,  0.4005456 ,  2.050498  ],
       [ 0.02177648,  0.9995793 , -0.01915567, -0.2919528 ],
       [-0.4001417 ,  0.02627278,  0.9160765 ,  8.64624   ],
       [ 0.        ,  0.        ,  0.        ,  1.        ]]), array([[ 0.8965559 , -0.01307765,  0.4427376 ,  2.488685  ],
       [ 0.0234179 ,  0.9995655 , -0.01789659, -0.3309237 ],
       [-0.4423112 ,  0.02641328,  0.8964725 ,  9.527392  ],
       [ 0.        ,  0.        ,  0.        ,  1.        ]]), array([[ 0.8745113 , -0.01351429,  0.4848168 ,  2.966292  ],
       [ 0.02447754,  0.9995676 , -0.01628953, -0.3697385 ],
       [-0.484387  ,  0.02611249,  0.874464  , 10.38417   ],
       [ 0.        ,  0.        ,  0.        ,  1.        ]]), array([[ 0.8503691 , -0.01348162,  0.5260139 ,  3.483068  ],
       [ 0.02517723,  0.9995692 , -0.01508348, -0.4086031 ],
       [-0.5255839 ,  0.0260701 ,  0.8503422 , 11.2156    ],
       [ 0.        ,  0.        ,  0.        ,  1.        ]]), array([[ 0.8245429 , -0.014011  ,  0.565626  ,  4.03669   ],
       [ 0.0269639 ,  0.9995305 , -0.01454755, -0.4439735 ],
       [-0.5651566 ,  0.02724656,  0.8245336 , 12.01878   ],
       [ 0.        ,  0.        ,  0.        ,  1.        ]]), array([[ 0.7970302 , -0.01619333,  0.6037224 ,  4.631439  ],
       [ 0.03126104,  0.9994066 , -0.01446406, -0.4790227 ],
       [-0.6031299 ,  0.03040128,  0.7970634 , 12.79006   ],
       [ 0.        ,  0.        ,  0.        ,  1.        ]]), array([[ 0.7681511 , -0.01510445,  0.6400904 ,  5.252124  ],
       [ 0.03186802,  0.9993845 , -0.0146609 , -0.5136186 ],
       [-0.639475  ,  0.0316602 ,  0.7681597 , 13.53058   ],
       [ 0.        ,  0.        ,  0.        ,  1.        ]])]
[array([[ 1.000000e+00,  9.043683e-12,  2.326809e-11,  1.110223e-16],
       [ 9.043683e-12,  1.000000e+00,  2.392370e-10,  2.220446e-16],
       [ 2.326810e-11,  2.392370e-10,  9.999999e-01, -2.220446e-16],
       [ 0.000000e+00,  0.000000e+00,  0.000000e+00,  1.000000e+00]]), array([[ 0.9990498 , -0.00164978,  0.04355194,  0.05154656],
       [ 0.00176042,  0.9999953 , -0.00250224, -0.02424883],
       [-0.0435476 ,  0.00257653,  0.999048  ,  1.000725  ],
       [ 0.        ,  0.        ,  0.        ,  1.        ]]), array([[ 0.9960495 , -0.00536795,  0.08863831,  0.1464632 ],
       [ 0.00601022,  0.9999575 , -0.00698072, -0.05051622],
       [-0.08859707,  0.00748588,  0.9960394 ,  1.995659  ],
       [ 0.        ,  0.        ,  0.        ,  1.        ]]), array([[ 0.9909271 , -0.00588688,  0.1342721 ,  0.2879204 ],
       [ 0.00744818,  0.9999103 , -0.01112852, -0.07903059],
       [-0.1341946 ,  0.01202763,  0.990882  ,  2.986691  ],
       [ 0.        ,  0.        ,  0.        ,  1.        ]]), array([[ 9.836222e-01, -3.565066e-03,  1.802072e-01,  4.657503e-01],
       [ 6.172884e-03,  9.998841e-01, -1.391250e-02, -1.102928e-01],
       [-1.801368e-01,  1.479704e-02,  9.835302e-01,  3.963845e+00],
       [ 0.000000e+00,  0.000000e+00,  0.000000e+00,  1.000000e+00]]), array([[ 0.9740479 , -0.00617362,  0.2262579 ,  0.6971645 ],
       [ 0.00948684,  0.999863  , -0.01355912, -0.143877  ],
       [-0.2261432 ,  0.0153537 ,  0.973973  ,  4.934639  ],
       [ 0.        ,  0.        ,  0.        ,  1.        ]]), array([[ 0.9624212 , -0.00736863,  0.2714613 ,  0.9715689 ],
       [ 0.01164015,  0.9998324 , -0.01412847, -0.1802237 ],
       [-0.2713117 ,  0.01675739,  0.9623456 ,  5.887651  ],
       [ 0.        ,  0.        ,  0.        ,  1.        ]]), array([[ 0.9488374 , -0.00969354,  0.3156164 ,  1.288079  ],
       [ 0.01587616,  0.999729  , -0.01702376, -0.2184877 ],
       [-0.3153658 ,  0.02116355,  0.9487341 ,  6.826202  ],
       [ 0.        ,  0.        ,  0.        ,  1.        ]]), array([[ 0.9336202 , -0.01263857,  0.3580415 ,  1.651331  ],
       [ 0.02080461,  0.9996037 , -0.01896441, -0.254729  ],
       [-0.3576599 ,  0.02515446,  0.933513  ,  7.743952  ],
       [ 0.        ,  0.        ,  0.        ,  1.        ]]), array([[ 0.9161945 , -0.01228394,  0.4005456 ,  2.050498  ],
       [ 0.02177648,  0.9995793 , -0.01915567, -0.2919528 ],
       [-0.4001417 ,  0.02627278,  0.9160765 ,  8.64624   ],
       [ 0.        ,  0.        ,  0.        ,  1.        ]]), array([[ 0.8965559 , -0.01307765,  0.4427376 ,  2.488685  ],
       [ 0.0234179 ,  0.9995655 , -0.01789659, -0.3309237 ],
       [-0.4423112 ,  0.02641328,  0.8964725 ,  9.527392  ],
       [ 0.        ,  0.        ,  0.        ,  1.        ]]), array([[ 0.8745113 , -0.01351429,  0.4848168 ,  2.966292  ],
       [ 0.02447754,  0.9995676 , -0.01628953, -0.3697385 ],
       [-0.484387  ,  0.02611249,  0.874464  , 10.38417   ],
       [ 0.        ,  0.        ,  0.        ,  1.        ]]), array([[ 0.8503691 , -0.01348162,  0.5260139 ,  3.483068  ],
       [ 0.02517723,  0.9995692 , -0.01508348, -0.4086031 ],
       [-0.5255839 ,  0.0260701 ,  0.8503422 , 11.2156    ],
       [ 0.        ,  0.        ,  0.        ,  1.        ]]), array([[ 0.8245429 , -0.014011  ,  0.565626  ,  4.03669   ],
       [ 0.0269639 ,  0.9995305 , -0.01454755, -0.4439735 ],
       [-0.5651566 ,  0.02724656,  0.8245336 , 12.01878   ],
       [ 0.        ,  0.        ,  0.        ,  1.        ]]), array([[ 0.7970302 , -0.01619333,  0.6037224 ,  4.631439  ],
       [ 0.03126104,  0.9994066 , -0.01446406, -0.4790227 ],
       [-0.6031299 ,  0.03040128,  0.7970634 , 12.79006   ],
       [ 0.        ,  0.        ,  0.        ,  1.        ]]), array([[ 0.7681511 , -0.01510445,  0.6400904 ,  5.252124  ],
       [ 0.03186802,  0.9993845 , -0.0146609 , -0.5136186 ],
       [-0.639475  ,  0.0316602 ,  0.7681597 , 13.53058   ],
       [ 0.        ,  0.        ,  0.        ,  1.        ]]), array([[ 7.374230e-01, -1.831697e-02,  6.751828e-01,  5.913461e+00],
       [ 3.718619e-02,  9.992171e-01, -1.350645e-02, -5.462713e-01],
       [-6.744067e-01,  3.506743e-02,  7.375268e-01,  1.423731e+01],
       [ 0.000000e+00,  0.000000e+00,  0.000000e+00,  1.000000e+00]])]
[array([[ 1.000000e+00,  9.043683e-12,  2.326809e-11,  1.110223e-16],
       [ 9.043683e-12,  1.000000e+00,  2.392370e-10,  2.220446e-16],
       [ 2.326810e-11,  2.392370e-10,  9.999999e-01, -2.220446e-16],
       [ 0.000000e+00,  0.000000e+00,  0.000000e+00,  1.000000e+00]]), array([[ 0.9990498 , -0.00164978,  0.04355194,  0.05154656],
       [ 0.00176042,  0.9999953 , -0.00250224, -0.02424883],
       [-0.0435476 ,  0.00257653,  0.999048  ,  1.000725  ],
       [ 0.        ,  0.        ,  0.        ,  1.        ]]), array([[ 0.9960495 , -0.00536795,  0.08863831,  0.1464632 ],
       [ 0.00601022,  0.9999575 , -0.00698072, -0.05051622],
       [-0.08859707,  0.00748588,  0.9960394 ,  1.995659  ],
       [ 0.        ,  0.        ,  0.        ,  1.        ]]), array([[ 0.9909271 , -0.00588688,  0.1342721 ,  0.2879204 ],
       [ 0.00744818,  0.9999103 , -0.01112852, -0.07903059],
       [-0.1341946 ,  0.01202763,  0.990882  ,  2.986691  ],
       [ 0.        ,  0.        ,  0.        ,  1.        ]]), array([[ 9.836222e-01, -3.565066e-03,  1.802072e-01,  4.657503e-01],
       [ 6.172884e-03,  9.998841e-01, -1.391250e-02, -1.102928e-01],
       [-1.801368e-01,  1.479704e-02,  9.835302e-01,  3.963845e+00],
